371946528458132967296857341724593816983761452165284793512379684847615239639428175
129586437643217895758934126987642513362158974415379268274861359831795642596423781
452368197391274568876159432628493715749815623135726849267981354914537286583642971
384169527259874631671253849728436915913587462465921378532618794846792153197345286
916573248847126539325489716174635982693842175582917463451268397769354821238791654
825643791974512368631789452746891235298357146153264987367925814482136579519478623
129758436638241795457693182594182367271536948863974251745819623312465879986327514
571896243463752891829134675246318759187549326395627418712983564658471932934265187
251648937674932851893571462462157398135896724987324516749215683518763249326489175
194578632632941578578263419763459821421687953985312764216794385347825196859136247
342967185681345279975812364198736452264591738537428691853174926429653817716289543
716592348832416579954783612378965421625147983491328756187634295569271834243859167
386792145941358276275146938418269753527831469693574812762483591834915627159627384
361279845284315679975846231417692358632758914859134762196527483528463197743981526
958714326716253948234869715389146257547328169621597483895431672173682594462975831
324617589918425367576398214867532941153964872492781635641859723289173456735246198
259348167761952348834176295492531876518467932673829451986713524147295683325684719
689742531315698427274531968462385719831479256957216384193827645746153892528964173
829765431315284679647391285938426157754913826162857394571632948483179562296548713
759634281126875439843291567268549713915723846437186952681957324392418675574362198
193284576672591843584637291349812765851476932267953184735149628916328457428765319
971348625564712398823956714489173256217865943356429871735281469148697532692534187
173842695625931748894657321452786913738195264961423857516379482389214576247568139
134786295579243618826951473985672134261439587347815926758194362412367859693528741
967483251148562973325971648734125896519836724286749135651397482493218567872654319
541876293962143578387259461756431829423798156819562347638925714175684932294317685
725398416149256378863471529958732641231964785476815293314529867592687134687143952
847195623321467598956823174569234817482719356173586942298671435635942781714358269
238914567691537842475862139719346285842759316356128794963271458187495623524683971
365891472724635189981274536438562917157948263296317845572483691643159728819726354
957831624843276519162594873786345291425169738391728465614957382279483156538612947
325749681487613592619825734862934157931572468754186329578391246143268975296457813
514932687726158439839467215978246153643581792152793846297314568381675924465829371
785469312916237485324581769453728691271956843698314257169872534542693178837145926
621548739893167245475239618259381476184675392736924581968453127547812963312796854
486135792739628541215794386957386214621479853843512967198243675364857129572961438
853721964697453812241698357428517639735946128916382475379264581582139746164875293
423591678978263451165748239589372146732614895614985723346129587291857364857436912
578396412291548367643271598865913724439752681712684935187469253924135876356827149
863471925971258643425396718247683159138925467596714382684537291352149876719862534
736815429192647835845932761279451683561783942483269157657398214918524376324176598
416235879837619245925784316593176428142958763768423591371592684689347152254861937
167523489459781623823649571974256318312894756586317294248965137635178942791432865
465871239913254867827693415796528341548137692231946758172465983354789126689312574
493782516726159834518346297861527349957431628342698751285964173134875962679213485
658792134934185726127346985741263859392857461586419273879531642215674398463928517
456391782271854639398267514524179368637428195189635427863542971742916853915783246
469215837827346159135879642318427596792561384654938721981654273246783915573192468
437816259628579413591423768345692871876154932219387546764938125183245697952761384
483762591561893742927154863632915487148276935795348216354629178216487359879531624
274683519816259437953174286631492875789536124425718963362941758147865392598327641
192875634365194872847326915271963548659418723438752169583641297914287356726539481
463785912281946735957321864345867129826139457179452683634278591592614378718593246
869712453734985216215364987378691542956428731421573869183247695647159328592836174
394217685865934172712856943183472569627395418459681327231548796948763251576129834
964182735871653924235947816596314287412876359783529461628491573347265198159738642
413562897729148563568379124236485719845791236971236485382957641197624358654813972
265481379897365142143972856419527683378619524652843791981256437526734918734198265
319476528628915734745238196536197842192584367874362951987623415251849673463751289
837152496294367158615489327529674831768213549341895762183946275476528913952731684
568127493237594186491836527613489275824675931759312648172963854946758312385241769
348129657572486391196735482823971546967854213415263879681592734259347168734618925
846123795925478163713659284174965832659832471382714956431597628598246317267381549
